  7.8202936e-003  1.0650373e+000
  3.7234634e-002  1.0829909e+000
  5.9403297e-002  1.1316962e+000
  7.7346808e-002  1.1745336e+000
  8.6234530e-002  1.1761688e+000
  8.6666547e-002  1.2075379e+000
  9.1498731e-002  1.2031169e+000
  9.2352339e-002  1.2338464e+000
  9.8594093e-002  1.2172974e+000
  1.0060632e-001  1.2322462e+000
  1.0484625e-001  1.2174110e+000
  1.0881794e-001  1.2367031e+000
  1.0975505e-001  1.2275668e+000
  1.1035348e-001  1.2586126e+000
  1.1228396e-001  1.2681235e+000
  1.1749285e-001  1.2525245e+000
  1.2533218e-001  1.2849411e+000
  1.2649987e-001  1.2677072e+000
  1.3015145e-001  1.2868344e+000
  1.3208296e-001  1.3057871e+000
  1.3430330e-001  1.2984811e+000
  1.4202725e-001  1.3008201e+000
  1.5184553e-001  1.3186523e+000
  1.6620356e-001  1.3550368e+000
  1.6825130e-001  1.3576349e+000
  1.8443367e-001  1.3868477e+000
  1.8746081e-001  1.4028376e+000
  1.9624892e-001  1.4296251e+000
  2.0567452e-001  1.4325658e+000
  2.0602786e-001  1.4335235e+000
  2.1203084e-001  1.4303053e+000
  2.1756331e-001  1.4363483e+000
  2.2895325e-001  1.4724158e+000
  2.3482691e-001  1.4855299e+000
  2.3737302e-001  1.5074305e+000
  2.5104185e-001  1.5499305e+000
  2.6617884e-001  1.5791442e+000
  2.7293879e-001  1.5687719e+000
  2.9157032e-001  1.5951646e+000
  2.9406633e-001  1.6263276e+000
  3.1342899e-001  1.6648243e+000
  3.1581144e-001  1.6686553e+000
  3.1642900e-001  1.6700424e+000
  3.1747978e-001  1.6402556e+000
  3.2881421e-001  1.6917065e+000
  3.6643662e-001  1.7560363e+000
  3.6765292e-001  1.7459140e+000
  3.6919880e-001  1.7433235e+000
  3.8827163e-001  1.8177220e+000
  3.9600675e-001  1.8007640e+000
  4.0531542e-001  1.8188093e+000
  4.2310939e-001  1.8795181e+000
  4.2956446e-001  1.9038484e+000
  4.3248499e-001  1.8907979e+000
  4.3264233e-001  1.9004198e+000
  4.5173923e-001  1.9111580e+000
  4.8448037e-001  2.0166336e+000
  4.8760378e-001  2.0022518e+000
  5.3087226e-001  2.0957312e+000
  5.3120929e-001  2.0642467e+000
  5.5177853e-001  2.1440173e+000
  5.5573794e-001  2.1489068e+000
  5.5778897e-001  2.1215873e+000
  5.8318573e-001  2.1926237e+000
  5.9794164e-001  2.2121750e+000
  6.0353344e-001  2.2343893e+000
  6.0985717e-001  2.2396584e+000
  6.2249726e-001  2.2657492e+000
  6.3176637e-001  2.2725696e+000
  6.4071792e-001  2.2942052e+000
  6.4194062e-001  2.2849080e+000
  6.5381202e-001  2.3538078e+000
  6.5549804e-001  2.3436811e+000
  6.5557317e-001  2.3577770e+000
  6.7329491e-001  2.3547654e+000
  6.8371557e-001  2.4134860e+000
  6.8502847e-001  2.4097898e+000
  6.9475219e-001  2.4183741e+000
  6.9643299e-001  2.4148678e+000
  7.0322322e-001  2.4193271e+000
  7.0671522e-001  2.4510278e+000
  7.2272454e-001  2.4568826e+000
  7.2292252e-001  2.4490544e+000
  7.3495754e-001  2.5082816e+000
  7.4003233e-001  2.5136248e+000
  7.4913146e-001  2.5340236e+000
  7.5809928e-001  2.5483016e+000
  7.6895826e-001  2.5588689e+000
  7.7193392e-001  2.5634059e+000
  7.7272213e-001  2.5862513e+000
  7.8193197e-001  2.5797353e+000
  7.8442789e-001  2.6095828e+000
  7.8936394e-001  2.6181816e+000
  7.9783026e-001  2.6382737e+000
  8.6693029e-001  2.7591424e+000
  8.9292241e-001  2.8176279e+000
  9.1380041e-001  2.8751455e+000
  9.3375985e-001  2.8897179e+000
  9.6442267e-001  2.9318463e+000
  9.7059853e-001  2.9845345e+000
